282.306183            61.465149
199.591461            122.930298
194.778458            129.076813
190.297424            135.223328
186.111832            141.369843
182.190582            147.516357
178.506973            153.662857
175.037949            159.809372
171.763412            165.955902
168.665848            172.102417
162.941940
141.091248
126.177429
115.166893
106.608269
99.708366
93.992233
89.155869
84.994392
81.364082
78.160698
75.306564
72.742470
70.422340
68.309769
66.375511
64.595787
62.951031
61.424988
60.004013
58.676563
57.432789
56.264240
55.163624
54.124584
53.141582
52.209740
51.324764
50.482845
49.680592
48.914982
48.183300
47.483105
46.812199
46.168591
45.550472
44.956200
44.384277
43.833332
43.302109
42.789455
42.294312
41.815697
41.352715
40.904530
40.470364
40.049500
39.641266
39.245049
38.860264
38.486370
38.122864
37.769268
37.425137
37.090057
36.763641
36.445515
36.135334
35.832771
35.537518
35.249287
34.967800
34.692795
34.424030
34.161270
33.904293
33.652889
33.406860
33.166016
32.930176
32.699169
32.472828
32.250999
32.033539
31.820299
31.611145
31.405951
31.204588
31.006939
30.812893
30.622341
30.435175
30.251299
30.070616
29.893034
29.718466
29.546825
29.378033
29.212008
29.048677
28.887968
28.729811
28.574135
28.420879
28.269981
28.121380
27.975018
27.830835
27.688786
27.548811
27.410860
27.274889
27.140848
27.008692
26.878374
26.749857
26.623096
26.498055
26.374687
26.252962
26.132841
26.014290
25.897274
25.781759
25.667717
25.555111
25.443914
25.334099
25.225634
25.118490
25.012644
24.908068
24.804737
24.702625
24.601711
24.501968
24.403376
24.305912
24.209555
24.114283
24.020077
23.926914
23.834778
23.743652
23.653511
23.564342
23.476128
23.388847
23.302488
23.217033
23.132467
23.048771
22.965935
22.883940
22.802774
22.722422
22.642870
22.564108
22.486120
22.408894
22.332417
22.256676
22.181662
22.107361
22.033762
21.960855
21.888628
21.817072
21.746176
21.675928
21.606319
21.537340
21.468983
21.401236
21.334089
21.267536
21.201567
21.136173
21.071346
21.007078
20.943361
20.880188
20.817549
20.755438
20.693846
20.632769
20.572195
20.512123
20.452541
20.393442
20.334826
20.276678
20.218998
20.161777
20.105009
20.048689
19.992809
19.937365
19.882351
19.827761
19.773592
19.719833
19.666485
19.613539
19.560991
19.508835
19.457067
19.405684
19.354677
19.304045
19.253782
19.203884
19.154346
19.105162
19.056332
19.007849
18.959709
18.911907
18.864441
18.817307
18.770498
18.724014
18.677849
18.632002
18.586466
18.541239
18.496317
18.451698
18.407375
18.363350
18.319614
18.276169
18.233009
18.190132
18.147533
18.105209
18.063160
18.021379
17.979868
17.938620
17.897635
17.856907
17.816435
17.776217
17.736250
17.696529
17.657057
17.617826
17.578835
17.540083
17.501566
17.463282
17.425228
17.387403
17.349804
17.312429
17.275276
17.238342
17.201626
17.165123
17.128834
17.092758
17.056889
17.021227
16.985769
16.950512
16.915461
16.880604
16.845947
16.811485
16.777216
16.743137
16.709249
16.675549
16.642035
16.608706
16.575560
16.542593
16.509808
16.477198
16.444765
16.412508
16.380423
16.348509
16.316767
16.285191
16.253782
16.222540
16.191460
16.160543
16.129787
16.099192
16.068754
16.038473
16.008348
15.978376
15.948558
15.918891
15.889374
15.860006
15.830787
15.801713
15.772785
15.744000
15.715359
15.686858
15.658500
15.630279
15.602197
15.574251
15.546442
15.518766
15.491226
15.463818
15.436541
15.409394
15.382377
15.355488
15.328726
15.302091
15.275580
15.249195
15.222933
15.196793
15.170774
15.144876
15.119097
15.093437
15.067894
15.042469
15.017159
14.991964
14.966884
14.941916
14.917061
14.892317
14.867683
14.843161
14.818747
14.794440
14.770242
14.746150
14.722164
14.698283
14.674506
14.650832
14.627262
14.603793
14.580425
14.557158
14.533992
14.510923
14.487954
14.465081
14.442307
14.419627
14.397043
14.374556
14.352160
14.329861
14.307652
14.285537
14.263513
14.241579
14.219737
14.197984
14.176319
14.154744
14.133256
14.111856
14.090542
14.069315
14.048172
14.027115
14.006142
13.985252
13.964447
13.943724
13.923081
13.902522
13.882044
13.861645
13.841327
13.821088
13.800928
13.780846
13.760842
13.740916
13.721066
13.701293
13.681595
13.661973
13.642426
13.622953
13.603554
13.584229
13.564976
13.545795
13.526689
13.507652
13.488687
13.469792
13.450968
13.432214
13.413528
13.394913
13.376365
13.357885
13.339474
13.321129
13.302852
13.284640
13.266495
13.248415
13.230401
13.212451
13.194566
13.176744
13.158987
13.141293
13.123662
13.106092
13.088586
13.071141
13.053759
13.036436
13.019174
13.001972
12.984831
12.967750
12.950727
12.933764
12.916858
12.900011
12.883223
12.866490
12.849817
12.833200
12.816639
12.800136
12.783687
12.767294
12.750957
12.734674
12.718446
12.702272
12.686153
12.670088
12.654076
12.638116
12.622210
12.606356
12.590555
12.574806
12.559108
12.543462
12.527866
12.512321
12.496829
12.481385
12.465991
12.450647
12.435353
12.420108
12.404912
12.389765
12.374666
12.359614
12.344612
12.329657
12.314749
12.299888
12.285073
12.270306
12.255585
12.240910
12.226281
12.211698
12.197159
12.182667
12.168219
12.153816
12.139457
12.125142
12.110872
12.096645
12.082462
12.068322
12.054226
12.040172
12.026160
12.012192
11.998265
11.984381
11.970538
11.956737
11.942977
11.929259
11.915581
11.901944
11.888349
11.874792
11.861277
11.847800
11.834364
11.820968
11.807611
11.794292
11.781013
11.767773
11.754571
11.741407
11.728283
11.715196
11.702147
11.689136
11.676161
11.663224
11.650324
11.637462
11.624635
11.611846
11.599092
11.586375
11.573695
11.561050
11.548441
11.535868
11.523329
11.510826
11.498358
11.485924
11.473526
11.461162
11.448833
11.436538
11.424275
11.412048
11.399855
11.387694
11.375568
11.363475
11.351414
11.339387
11.327393
11.315431
11.303501
11.291605
11.279739
11.267907
11.256106
11.244338
11.232600
11.220895
11.209220
11.197577
11.185966
11.174384
11.162833
11.151314
11.139825
11.128366
11.116938
11.105538
11.094171
11.082831
11.071523
11.060244
11.048994
11.037773
11.026582
11.015419
11.004286
10.993182
10.982105
10.971059
10.960039
10.949049
10.938087
10.927153
10.916246
10.905368
10.894518
10.883694
10.872899
10.862130
10.851389
10.840675
10.829988
10.819329
10.808696
10.798089
10.787509
10.776956
10.766428
10.755927
10.745452
10.735003
10.724581
10.714183
10.703813
10.693466
10.683146
10.672851
10.662581
10.652336
10.642117
10.631922
10.621752
10.611608
10.601487
10.591392
10.581320
10.571273
10.561250
10.551250
10.541276
10.531325
10.521399
10.511496
10.501616
10.491760
10.481928
10.472119
10.462334
10.452571
10.442832
10.433116
10.423422
10.413752
10.404103
10.394478
10.384875
10.375296
10.365737
10.356202
10.346688
10.337197
10.327728
10.318281
10.308855
10.299452
10.290070
10.280709
10.271371
10.262053
10.252757
10.243483
10.234229
10.224997
10.215785
10.206594
10.197425
10.188276
10.179149
10.170041
10.160954
10.151888
10.142841
10.133816
10.124810
10.115825
10.106860
10.097915
10.088989
10.080084
10.071198
10.062333
10.053487
10.044661
10.035852
10.027065
10.018297
10.009548
10.000818
9.992107
9.983416
9.974743
9.966089
9.957455
9.948839
9.940242
9.931663
9.923103
9.914561
9.906038
9.897533
9.889047
9.880578
9.872128
9.863697
9.855284
9.846888
9.838511
9.830150
9.821808
9.813483
9.805177
9.796887
9.788615
9.780362
9.772125
9.763906
9.755704
9.747519
9.739351
9.731201
9.723067
9.714951
9.706851
9.698769
9.690702
9.682654
9.674622
9.666606
9.658607
9.650624
9.642658
9.634708
9.626775
9.618857
9.610957
9.603072
9.595204
9.587352
9.579515
9.571694
9.563890
9.556102
9.548329
9.540572
9.532830
9.525105
9.517395
9.509700
9.502021
9.494357
9.486710
9.479076
9.471458
9.463856
9.456268
9.448697
9.441139
9.433598
9.426070
9.418558
9.411061
9.403579
9.396111
9.388658
9.381220
9.373796
9.366386
9.358993
9.351612
9.344247
9.336896
9.329558
9.322236
9.314927
9.307633
9.300354
9.293088
9.285836
9.278598
9.271375
9.264165
9.256969
9.249786
9.242618
9.235464
9.228323
9.221195
9.214082
9.206982
9.199896
9.192822
9.185763
9.178717
9.171684
9.164665
9.157659
9.150665
9.143685
9.136719
9.129766
9.122825
9.115898
9.108983
9.102082
9.095193
9.088317
9.081454
9.074605
9.067767
9.060943
9.054131
9.047331
9.040545
9.033770
9.027008
9.020259
9.013522
9.006798
9.000086
8.993386
8.986698
8.980023
8.973360
8.966709
8.960071
8.953444
8.946829
8.940227
8.933636
8.927057
8.920490
8.913936
8.907393
8.900862
8.894342
8.887834
8.881338
8.874854
8.868381
8.861919
8.855470
8.849032
8.842606
8.836190
8.829786
8.823395
8.817014
8.810643
8.804285
8.797937
8.791601
8.785277
8.778963
8.772661
8.766369
8.760089
8.753820
8.747561
8.741314
8.735077
8.728852
8.722637
8.716433
8.710240
8.704058
8.697886
8.691725
8.685575
8.679435
8.673306
8.667188
8.661080
8.654983
8.648896
8.642819
8.636753
8.630697
8.624653
8.618618
8.612593
8.606579
8.600574
8.594581
8.588597
8.582623
8.576660
8.570707
8.564764
8.558830
8.552908
8.546994
8.541091
8.535198
8.529315
8.523441
8.517578
8.511724
8.505879
8.500046
8.494222
8.488406
8.482601
8.476807
8.471021
8.465244
8.459477
8.453721
8.447973
8.442235
8.436506
8.430787
8.425077
8.419378
8.413687
8.408005
8.402333
8.396670
8.391016
8.385372
8.379737
8.374110
8.368494
8.362886
8.357287
8.351698
8.346117
8.340547
8.334984
8.329431
8.323886
8.318351
8.312824
8.307306
8.301798
8.296298
8.290807
8.285324
8.279851
8.274386
8.268930
8.263483
8.258044
8.252614
8.247192
8.241780
8.236377
8.230981
8.225594
8.220215
8.214845
8.209484
8.204131
8.198786
8.193450
8.188123
8.182802
8.177492
8.172189
8.166895
8.161609
8.156331
8.151061
8.145800
8.140546
8.135302
8.130065
8.124836
8.119615
8.114403
8.109199
8.104002
8.098813
8.093633
8.088460
8.083296
8.078139
8.072991
8.067850
8.062717
8.057592
8.052476
8.047366
8.042265
8.037171
8.032085
8.027007
8.021936
8.016874
8.011819
8.006771
8.001732
7.996700
7.991675
7.986659
7.981649
7.976647
7.971653
7.966667
7.961688
7.956716
7.951751
7.946795
7.941845
7.936903
7.931968
7.927041
7.922122
7.917209
7.912303
7.907405
7.902515
7.897631
7.892755
7.887886
7.883024
7.878170
7.873322
7.868482
7.863649
7.858823
7.854004
7.849192
7.844388
7.839590
7.834799
7.830015
7.825238
7.820469
7.815706
7.810950
7.806201
7.801459
7.796724
7.791996
7.787274
7.782560
7.777853
7.773151
7.768457
7.763770
7.759089
7.754416
7.749749
7.745088
7.740435
7.735788
7.731147
7.726513
7.721887
7.717266
7.712652
7.708045
7.703444
7.698850
7.694263
7.689682
7.685107
7.680539
7.675978
7.671422
7.666874
7.662332
7.657795
7.653266
7.648744
7.644227
7.639716
7.635212
7.630715
7.626224
7.621738
7.617260
7.612787
7.608321
7.603861
7.599407
7.594960
7.590518
7.586083
7.581655
7.577231
7.572815
7.568404
7.564000
7.559601
7.555209
7.550823
7.546443
7.542068
7.537701
7.533339
7.528982
7.524632
7.520288
7.515950
7.511618
7.507291
7.502971
7.498657
7.494348
7.490045
7.485748
7.481457
7.477172
7.472893
7.468619
7.464352
7.460090
7.455833
7.451583
7.447339
7.443099
7.438866
7.434639
7.430417
7.426201
7.421990
7.417786
7.413587
7.409393
7.405205
7.401023
7.396846
7.392675
7.388509
7.384349
7.380195
7.376046
7.371902
7.367765
7.363633
7.359505
7.355384
7.351268
7.347157
7.343052
7.338953
7.334858
7.330770
7.326686
7.322608
7.318535
7.314468
7.310406
7.306349
7.302298
7.298252
7.294211
7.290175
7.286145
7.282120
7.278100
7.274086
7.270077
7.266073
7.262074
7.258080
7.254092
7.250108
7.246130
7.242157
7.238190
7.234227
7.230269
7.226317
7.222370
7.218427
7.214490
7.210557
7.206630
7.202708
7.198791
7.194879
7.190972
7.187070
7.183173
7.179281
7.175394
7.171512
7.167634
7.163762
7.159894
7.156032
7.152174
7.148322
7.144474
7.140631
7.136793
7.132960
7.129131
7.125309
7.121490
7.117675
7.113867
7.110062
7.106263
7.102468
7.098678
7.094893
7.091112
7.087337
7.083565
7.079799
7.076037
7.072280
7.068528
7.064780
7.061038
7.057299
7.053566
7.049837
7.046112
7.042393
7.038677
7.034967
7.031261
7.027560
7.023863
7.020170
7.016483
7.012800
7.009121
7.005447
7.001777
6.998112
6.994452
6.990796
6.987144
6.983496
6.979854
6.976215
6.972581
6.968952
6.965328
6.961707
6.958090
6.954479
6.950871
6.947268
6.943670
6.940076
6.936486
6.932900
6.929319
6.925742
6.922169
6.918601
6.915037
6.911478
6.907922
6.904371
6.900824
6.897281
6.893744
6.890209
6.886679
6.883153
6.879632
6.876115
6.872602
6.869093
6.865588
6.862088
6.858592
6.855099
6.851611
6.848127
6.844647
6.841172
6.837700
6.834233
6.830770
6.827311
6.823855
6.820404
6.816957
6.813514
6.810075
6.806641
6.803210
6.799783
6.796360
6.792942
6.789527
6.786116
6.782710
6.779307
6.775908
6.772513
6.769123
6.765736
6.762352
6.758974
6.755598
6.752227
6.748860
6.745497
6.742137
6.738781
6.735430
6.732082
6.728738
6.725399
6.722063
6.718730
6.715401
6.712077
6.708756
6.705439
6.702126
6.698816
6.695510
6.692209
6.688910
6.685616
6.682326
6.679039
6.675756
6.672477
6.669201
6.665930
6.662662
6.659397
6.656137
6.652880
6.649627
6.646378
6.643131
6.639889
6.636651
6.633416
6.630185
6.626957
6.623733
6.620513
6.617296
6.614084
6.610874
6.607668
6.604466
6.601267
6.598073
6.594882
6.591693
6.588509
6.585329
6.582151
6.578978
6.575808
6.572641
6.569479
6.566319
6.563163
6.560010
6.556862
6.553716
6.550574
6.547436
6.544301
6.541170
6.538042
6.534917
6.531796
6.528678
6.525564
6.522453
6.519346
6.516242
6.513141
6.510044
6.506950
6.503860
6.500773
6.497690
6.494610
6.491533
6.488460
6.485389
6.482323
6.479259
6.476199
6.473143
6.470089
6.467039
6.463993
6.460949
6.457910
6.454873
6.451839
6.448809
6.445782
6.442759
6.439738
6.436721
6.433707
6.430696
6.427689
6.424685
6.421684
6.418687
6.415692
6.412701
6.409713
6.406728
6.403747
6.400768
6.397793
6.394822
6.391853
6.388887
6.385925
6.382965
6.380009
6.377056
6.374106
6.371160
6.368216
6.365276
6.362338
6.359405
6.356473
6.353545
6.350620
6.347699
6.344780
6.341864
6.338952
6.336042
6.333136
6.330233
6.327333
6.324435
6.321541
6.318650
6.315763
6.312877
6.309996
6.307117
6.304241
6.301368
6.298498
6.295631
6.292767
6.289906
6.287048
6.284193
6.281341
6.278492
6.275646
6.272803
6.269963
6.267126
6.264292
6.261460
6.258632
6.255806
6.252984
6.250165
6.247348
6.244534
6.241724
6.238915
6.236110
6.233308
6.230509
6.227713
6.224919
6.222129
6.219341
6.216556
6.213774
6.210995
6.208219
6.205445
6.202674
6.199906
6.197142
6.194380
6.191620
6.188864
6.186110
6.183359
6.180611
6.177866
6.175123
6.172383
6.169646
6.166912
6.164181
6.161452
6.158726
6.156003
6.153283
6.150565
6.147850
6.145138
6.142429
6.139722
6.137018
6.134317
6.131619
6.128923
6.126230
6.123539
6.120852
6.118167
6.115485
6.112805
6.110128
6.107454
6.104783
6.102114
6.099447
6.096784
6.094123
6.091465
6.088809
6.086156
6.083506
6.080858
6.078213
6.075571
6.072931
6.070293
6.067659
6.065027
6.062398
6.059771
6.057147
6.054525
6.051907
6.049290
6.046676
6.044065
6.041456
6.038850
6.036247
6.033646
6.031047
6.028451
6.025858
6.023267
6.020679
6.018094
6.015510
6.012929
6.010351
6.007776
6.005203
6.002632
6.000064
5.997499
5.994936
5.992375
5.989817
5.987261
5.984708
5.982157
5.979609
5.977063
5.974520
5.971980
5.969441
5.966905
5.964372
5.961841
5.959312
5.956786
5.954263
5.951741
5.949223
5.946706
5.944192
5.941681
5.939171
5.936665
5.934161
5.931659
5.929159
5.926662
5.924168
5.921675
5.919185
5.916698
5.914213
5.911730
5.909249
5.906771
5.904295
5.901822
5.899351
5.896882
5.894416
5.891952
5.889490
5.887031
5.884574
5.882119
5.879667
5.877217
5.874769
5.872324
5.869881
5.867440
5.865002
5.862566
5.860132
5.857700
5.855271
5.852844
5.850419
5.847996
5.845577
5.843159
5.840743
5.838329
5.835918
5.833509
5.831103
5.828698
5.826296
5.823896
5.821499
5.819103
5.816710
5.814320
5.811931
5.809544
5.807160
5.804778
5.802398
5.800021
5.797645
5.795272
5.792901
5.790532
5.788166
5.785801
5.783439
5.781079
5.778721
5.776365
5.774012
5.771660
5.769311
5.766964
5.764619
5.762276
5.759936
5.757597
5.755261
5.752927
5.750595
5.748265
5.745937
5.743612
5.741288
5.738967
5.736648
5.734331
5.732016
5.729703
5.727392
5.725083
5.722777
5.720472
5.718170
5.715869
5.713572
5.711276
5.708982
5.706689
5.704400
5.702112
5.699826
5.697543
5.695261
5.692981
5.690704
5.688428
5.686155
5.683884
5.681615
5.679348
5.677082
5.674819
5.672558
5.670299
5.668042
5.665787
5.663534
5.661283
5.659034
5.656787
5.654542
5.652299
5.650058
5.647820
5.645583
5.643348
5.641115
5.638884
5.636655
5.634428
5.632203
5.629980
5.627759
5.625540
5.623323
5.621108
5.618895
5.616683
5.614474
5.612267
5.610062
5.607859
5.605657
5.603458
5.601260
5.599065
5.596871
5.594679
5.592489
5.590302
5.588116
5.585932
5.583750
5.581570
5.579391
5.577215
5.575041
5.572868
5.570697
5.568529
5.566362
5.564197
5.562034
5.559873
5.557714
5.555556
5.553401
5.551247
5.549096
5.546946
5.544797
5.542652
5.540507
5.538365
5.536224
5.534086
5.531949
5.529814
5.527681
5.525549
5.523420
5.521293
5.519167
5.517043
5.514921
5.512801
5.510683
5.508566
5.506451
5.504338
5.502227
5.500118
5.498011
5.495905
5.493801
5.491699
5.489599
5.487500
5.485404
5.483309
5.481216
5.479125
5.477035
5.474947
5.472861
5.470778
5.468695
5.466615
5.464536
5.462459
5.460383
5.458310
5.456238
5.454168
5.452100
5.450034
5.447969
5.445906
5.443845
5.441785
5.439728
5.437672
5.435618
5.433565
5.431515
5.429466
5.427418
5.425373
5.423329
5.421287
5.419247
5.417208
5.415171
5.413136
5.411102
5.409070
5.407041
5.405012
5.402986
5.400960
5.398937
5.396916
5.394896
5.392878
5.390861
5.388846
5.386833
5.384822
5.382812
5.380804
5.378798
5.376793
5.374790
5.372788
5.370789
5.368791
5.366794
5.364799
5.362806
5.360815
5.358825
5.356837
5.354850
5.352866
5.350883
5.348901
5.346921
5.344943
5.342966
5.340991
5.339017
5.337046
5.335076
5.333107
5.331141
5.329175
5.327211
5.325250
5.323289
5.321330
5.319373
5.317417
5.315464
5.313511
5.311560
5.309611
5.307663
5.305717
5.303773
5.301830
5.299889
5.297949
5.296011
5.294075
5.292140
5.290206
5.288275
5.286345
5.284416
5.282489
5.280563
5.278640
5.276717
5.274796
5.272877
5.270959
5.269043
5.267129
5.265216
5.263304
5.261395
5.259486
5.257579
5.255674
5.253770
5.251868
5.249967
5.248068
5.246171
5.244275
5.242380
5.240487
5.238595
5.236705
5.234817
5.232930
5.231044
5.229160
5.227278
5.225397
5.223518
5.221640
5.219764
5.217888
5.216015
5.214143
5.212273
5.210404
5.208536
5.206671
5.204806
5.202943
5.201082
5.199222
5.197363
5.195506
5.193650
5.191796
5.189944
5.188093
5.186243
5.184394
5.182548
5.180702
5.178859
5.177016
5.175175
5.173336
5.171498
5.169662
5.167826
5.165992
5.164160
5.162330
5.160500
5.158672
5.156846
5.155021
5.153197
5.151375
5.149554
5.147735
5.145917
5.144101
5.142285
5.140472
5.138660
5.136849
5.135040
5.133232
5.131425
5.129620
5.127817
5.126014
5.124213
5.122414
5.120615
5.118819
5.117023
5.115230
5.113437
5.111646
5.109857
5.108068
5.106281
5.104496
5.102712
5.100929
5.099147
5.097367
5.095589
5.093812
5.092036
5.090261
5.088488
5.086716
5.084946
5.083177
5.081409
5.079643
5.077878
5.076114
5.074352
5.072591
5.070831
5.069073
5.067317
5.065561
5.063807
5.062054
5.060303
5.058552
5.056804
5.055057
5.053310
5.051566
5.049822
5.048080
5.046339
5.044600
5.042862
5.041125
5.039390
5.037655
5.035923
5.034191
5.032461
5.030732
5.029005
5.027278
5.025553
5.023830
5.022108
5.020386
5.018667
5.016948
5.015232
5.013515
5.011801
5.010087
5.008376
5.006665
5.004956
5.003248
5.001541
4.999836
4.998132
4.996429
4.994727
4.993027
4.991328
4.989630
4.987934
4.986238
4.984545
4.982852
4.981160
4.979470
4.977781
4.976094
4.974408
4.972723
4.971038
4.969356
4.967675
4.965995
4.964316
4.962638
4.960962
4.959287
4.957613
4.955941
4.954269
4.952600
4.950931
4.949263
4.947597
4.945932
4.944268
4.942605
4.940944
4.939284
4.937625
4.935967
4.934311
4.932656
4.931002
4.929349
4.927697
4.926047
4.924398
4.922750
4.921103
4.919458
4.917814
4.916171
4.914529
4.912888
4.911249
4.909611
4.907973
4.906338
4.904703
4.903070
4.901438
4.899806
4.898177
4.896548
4.894921
4.893294
4.891669
4.890046
4.888423
4.886802
4.885181
4.883562
4.881944
4.880328
4.878712
4.877098
4.875484
4.873872
4.872261
4.870652
4.869043
4.867436
4.865830
4.864224
4.862621
4.861018
4.859416
4.857816
4.856217
4.854619
4.853023
4.851427
4.849832
4.848239
4.846646
4.845056
4.843465
4.841876
4.840289
4.838702
4.837117
4.835533
4.833950
4.832367
4.830787
4.829207
4.827629
4.826051
4.824475
4.822900
4.821326
4.819753
4.818181
4.816611
4.815041
4.813472
4.811905
4.810339
4.808774
4.807210
4.805647
4.804086
4.802525
4.800966
4.799407
4.797850
4.796294
4.794739
4.793185
4.791633
4.790081
4.788530
4.786981
4.785433
4.783885
4.782339
4.780794
4.779250
4.777708
4.776165
4.774625
4.773085
4.771547
4.770010
4.768473
4.766938
4.765403
4.763871
4.762339
4.760808
4.759278
4.757749
4.756221
4.754694
4.753169
4.751645
4.750121
4.748599
4.747078
4.745558
4.744039
4.742521
4.741004
4.739488
4.737973
4.736459
4.734946
4.733435
4.731925
4.730415
4.728906
4.727398
4.725893
4.724387
4.722883
4.721379
4.719877
4.718376
4.716876
4.715377
4.713879
4.712382
4.710886
4.709392
4.707898
4.706405
4.704913
4.703423
4.701933
4.700444
4.698956
4.697470
4.695984
4.694500
4.693016
4.691534
4.690053
4.688572
4.687093
4.685614
4.684137
4.682661
4.681185
4.679711
4.678237
4.676765
4.675294
4.673824
4.672355
4.670887
4.669419
4.667953
4.666488
4.665024
4.663560
4.662098
4.660637
4.659177
4.657718
4.656260
4.654803
4.653347
4.651891
4.650437
4.648984
4.647532
4.646080
4.644630
4.643181
4.641733
4.640285
4.638839
4.637394
4.635950
4.634507
4.633064
4.631623
4.630183
4.628743
4.627305
4.625867
4.624431
4.622995
4.621561
4.620128
4.618695
4.617263
4.615833
4.614403
4.612975
4.611547
4.610120
4.608694
4.607269
4.605846
4.604423
4.603001
4.601580
4.600160
4.598741
4.597322
4.595905
4.594490
4.593074
4.591660
4.590246
4.588834
4.587423
4.586012
4.584603
4.583194
4.581787
4.580380
4.578974
4.577569
4.576165
4.574762
4.573360
4.571959
4.570559
4.569160
4.567762
4.566364
4.564968
4.563572
4.562178
4.560784
4.559392
4.558000
4.556609
4.555220
4.553831
4.552443
4.551055
4.549669
4.548284
4.546899
4.545516
4.544134
4.542752
4.541371
4.539991
4.538613
4.537235
4.535858
4.534482
4.533106
4.531732
4.530359
4.528986
4.527615
4.526244
4.524874
4.523505
4.522137
4.520771
4.519404
4.518039
4.516675
4.515311
4.513948
4.512587
4.511226
4.509866
4.508507
4.507149
4.505792
4.504436
4.503080
4.501726
4.500372
4.499019
4.497667
4.496316
4.494966
4.493617
4.492269
4.490921
4.489574
4.488229
4.486884
4.485540
4.484197
4.482855
4.481514
4.480173
4.478833
4.477494
4.476157
4.474820
4.473484
4.472148
4.470814
4.469481
4.468148
4.466816
4.465485
4.464155
4.462826
4.461498
4.460170
4.458844
4.457518
4.456193
4.454869
4.453546
4.452223
4.450902
4.449582
4.448262
4.446943
4.445625
4.444308
4.442991
4.441676
4.440361
4.439047
4.437734
4.436422
4.435111
4.433800
4.432491
4.431182
4.429874
4.428567
4.427261
4.425955
4.424651
4.423347
4.422044
4.420742
4.419441
4.418140
4.416841
4.415542
4.414244
4.412947
4.411651
4.410356
4.409061
4.407767
4.406474
4.405182
4.403891
4.402600
4.401310
4.400022
4.398734
4.397446
4.396160
4.394875
4.393590
4.392306
4.391023
4.389740
4.388459
4.387178
4.385899
4.384619
4.383341
4.382064
4.380787
4.379511
4.378236
4.376962
4.375689
4.374416
4.373144
4.371873
4.370603
4.369334
4.368065
4.366797
4.365530
4.364264
4.362998
4.361734
4.360470
4.359207
4.357944
4.356683
4.355422
4.354163
4.352904
4.351645
4.350388
4.349131
4.347876
4.346620
4.345366
4.344112
4.342859
4.341608
4.340356
4.339106
4.337856
4.336607
4.335359
4.334112
4.332865
4.331620
4.330375
4.329130
4.327887
4.326644
4.325402
4.324162
4.322921
4.321681
4.320443
4.319205
4.317967
4.316731
4.315495
4.314260
4.313026
4.311792
4.310560
4.309328
4.308097
4.306866
4.305637
4.304408
4.303180
4.301952
4.300726
4.299500
4.298275
4.297051
4.295827
4.294604
4.293382
4.292161
4.290940
4.289721
4.288502
4.287283
4.286066
4.284849
4.283633
4.282418
4.281203
4.279989
4.278776
4.277564
4.276352
4.275141
4.273932
4.272722
4.271513
4.270305
4.269098
4.267892
4.266686
4.265481
4.264277
4.263074
4.261871
4.260669
4.259468
4.258267
4.257068
4.255868
4.254670
4.253472
4.252275
4.251080
4.249884
4.248689
4.247495
4.246302
4.245110
4.243918
4.242727
4.241537
4.240347
4.239158
4.237969
4.236783
4.235596
4.234409
4.233224
4.232039
4.230856
4.229672
4.228490
4.227308
4.226128
4.224947
4.223767
4.222589
4.221411
4.220233
4.219056
4.217880
4.216705
4.215530
4.214356
4.213183
4.212011
4.210839
4.209668
4.208497
4.207327
4.206159
4.204990
4.203823
4.202656
4.201489
4.200324
4.199160
4.197995
4.196832
4.195669
4.194507
4.193346
4.192185
4.191025
4.189866
4.188707
4.187550
4.186393
4.185236
4.184080
4.182925
4.181771
4.180617
4.179464
4.178312
4.177160
4.176009
4.174859
4.173709
4.172560
4.171412
4.170264
4.169117
4.167971
4.166826
4.165681
4.164537
4.163393
4.162251
4.161108
4.159967
4.158826
4.157686
4.156547
4.155407
4.154270
4.153132
4.151995
4.150859
4.149724
4.148589
4.147455
4.146322
4.145189
4.144057
4.142926
4.141795
4.140665
4.139535
4.138407
4.137279
4.136151
4.135024
4.133898
4.132773
4.131648
4.130524
4.129401
4.128278
4.127156
4.126034
4.124913
4.123793
4.122674
4.121555
4.120437
4.119319
4.118202
4.117086
4.115970
4.114855
4.113741
4.112628
4.111515
4.110402
4.109290
4.108179
4.107069
4.105959
4.104850
4.103742
4.102633
4.101526
4.100420
4.099314
4.098209
4.097104
4.096000
4.094897
4.093794
4.092692
4.091590
4.090490
4.089390
4.088290
4.087192
4.086093
4.084996
4.083899
4.082802
4.081707
4.080612
4.079517
4.078423
4.077330
4.076238
4.075146
4.074054
4.072964
4.071874
4.070784
4.069695
4.068607
4.067520
4.066433
4.065347
4.064261
4.063176
4.062091
4.061008
4.059925
4.058842
4.057760
4.056679
4.055598
4.054518
4.053439
4.052360
4.051282
4.050204
4.049127
4.048051
4.046975
4.045900
4.044826
4.043752
4.042678
4.041605
4.040534
4.039462
4.038391
4.037321
4.036252
4.035182
4.034114
4.033046
4.031979
4.030912
4.029846
4.028781
4.027716
4.026652
4.025589
4.024526
4.023463
4.022401
4.021340
4.020280
4.019220
4.018160
4.017102
4.016044
4.014986
4.013929
4.012873
4.011817
4.010762
4.009707
4.008653
4.007600
4.006547
4.005495
4.004443
4.003392
4.002342
4.001292
4.000243
3.999194
3.998146
3.997099
3.996052
3.995005
3.993960
3.992915
3.991870
3.990826
3.989783
3.988740
3.987698
3.986656
3.985615
3.984575
3.983535
3.982496
3.981457
3.980419
3.979382
3.978344
3.977308
3.976272
3.975237
3.974202
3.973169
3.972135
3.971102
3.970070
3.969038
3.968007
3.966976
3.965946
3.964917
3.963888
3.962860
3.961832
3.960805
3.959778
3.958752
3.957726
3.956702
3.955678
3.954654
3.953630
3.952608
3.951586
3.950564
3.949543
3.948523
3.947503
3.946484
3.945466
3.944447
3.943430
3.942413
3.941396
3.940381
3.939365
3.938351
3.937336
3.936323
3.935310
3.934297
3.933285
3.932274
3.931263
3.930253
3.929243
3.928234
3.927226
3.926218
3.925210
3.924203
3.923197
3.922191
3.921185
3.920181
3.919177
3.918173
3.917170
3.916167
3.915166
3.914164
3.913163
3.912163
3.911163
3.910164
3.909165
3.908167
3.907170
3.906173
3.905176
3.904180
3.903185
3.902190
3.901196
3.900202
3.899208
3.898216
3.897223
3.896232
3.895241
3.894250
3.893260
3.892271
3.891282
3.890294
3.889306
3.888318
3.887332
3.886345
3.885360
3.884374
3.883390
3.882406
3.881422
3.880439
3.879457
3.878475
3.877493
3.876512
3.875532
3.874552
3.873573
3.872594
3.871616
3.870638
3.869661
3.868684
3.867708
3.866732
3.865757
3.864783
3.863809
3.862835
3.861862
3.860889
3.859917
3.858946
3.857975
3.857005
3.856035
3.855066
3.854097
3.853128
3.852161
3.851194
3.850227
3.849261
3.848295
3.847330
3.846365
3.845401
3.844437
3.843474
3.842511
3.841549
3.840588
3.839627
3.838666
3.837706
3.836746
3.835788
3.834829
3.833871
3.832913
3.831957
3.831000
3.830044
3.829089
3.828134
3.827179
3.826226
3.825272
3.824319
3.823367
3.822415
3.821464
3.820513
3.819562
3.818613
3.817663
3.816714
3.815766
3.814818
3.813870
3.812924
3.811978
3.811032
3.810086
3.809141
3.808197
3.807253
3.806310
3.805367
3.804425
3.803483
3.802541
3.801601
3.800660
3.799721
3.798781
3.797842
3.796904
3.795966
3.795028
3.794092
3.793155
3.792219
3.791284
3.790349
3.789415
3.788481
3.787547
3.786614
3.785682
3.784750
3.783818
3.782887
3.781957
3.781027
3.780097
3.779168
3.778240
3.777312
3.776384
3.775457
3.774530
3.773604
3.772679
3.771753
3.770829
3.769905
3.768981
3.768058
3.767135
3.766212
3.765291
3.764369
3.763449
3.762528
3.761608
3.760689
3.759770
3.758852
3.757934
3.757016
3.756099
3.755183
3.754267
3.753351
3.752436
3.751522
3.750607
3.749694
3.748780
3.747868
3.746956
3.746044
3.745133
3.744222
3.743311
3.742401
3.741492
3.740583
3.739675
3.738767
3.737859
3.736952
3.736045
3.735139
3.734234
3.733329
3.732424
3.731519
3.730616
3.729712
3.728810
3.727907
3.727005
3.726104
3.725203
3.724302
3.723402
3.722502
3.721603
3.720705
3.719807
3.718909
3.718011
3.717115
3.716218
3.715322
3.714427
3.713532
3.712637
3.711743
3.710850
3.709956
3.709064
3.708172
3.707280
3.706388
3.705498
3.704607
3.703717
3.702828
3.701939
3.701050
3.700162
3.699274
3.698387
3.697500
3.696614
3.695728
3.694843
3.693958
3.693073
3.692189
3.691305
3.690422
3.689539
3.688657
3.687775
3.686894
3.686013
3.685133
3.684252
3.683373
3.682494
3.681615
3.680737
3.679859
3.678982
3.678105
3.677228
3.676352
3.675477
3.674601
3.673727
3.672852
3.671979
3.671105
3.670232
3.669360
3.668488
3.667616
3.666745
3.665874
3.665004
3.664134
3.663265
3.662396
3.661527
3.660659
3.659791
3.658924
3.658057
3.657191
3.656325
3.655459
3.654594
3.653730
3.652866
3.652002
3.651139
3.650276
3.649413
3.648551
3.647690
3.646829
3.645968
3.645108
3.644248
3.643389
3.642529
3.641671
3.640813
3.639955
3.639098
3.638241
3.637384
3.636529
3.635673
3.634818
3.633963
3.633109
3.632255
3.631402
3.630549
3.629696
3.628844
3.627992
3.627141
3.626290
3.625440
3.624590
3.623740
3.622891
3.622042
3.621194
3.620346
3.619498
3.618651
3.617805
3.616958
3.616112
3.615267
3.614422
3.613578
3.612733
3.611890
3.611046
3.610204
3.609361
3.608519
3.607677
3.606836
3.605995
3.605155
3.604315
3.603476
3.602636
3.601798
3.600959
3.600121
3.599284
3.598447
3.597610
3.596774
3.595938
3.595103
3.594268
3.593433
3.592599
3.591765
3.590932
3.590099
3.589267
3.588434
3.587603
3.586771
3.585940
3.585110
3.584280
3.583450
3.582621
3.581792
3.580963
3.580135
3.579308
3.578481
3.577654
3.576827
3.576001
3.575176
3.574351
3.573526
3.572701
3.571877
3.571054
3.570230
3.569407
3.568585
3.567763
3.566942
3.566121
3.565300
3.564479
3.563659
3.562840
3.562021
3.561202
3.560383
3.559565
3.558748
3.557930
3.557114
3.556297
3.555481
3.554666
3.553850
3.553036
3.552221
3.551407
3.550594
3.549780
3.548967
3.548155
3.547343
3.546531
3.545720
3.544909
3.544099
3.543289
3.542479
3.541670
3.540861
3.540052
3.539244
3.538436
3.537629
3.536822
3.536016
3.535209
3.534404
3.533598
3.532793
3.531988
3.531184
3.530380
3.529577
3.528774
3.527971
3.527169
3.526367
3.525566
3.524764
3.523963
3.523163
3.522363
3.521564
3.520765
3.519965
3.519167
3.518369
3.517571
3.516774
3.515977
3.515181
3.514385
3.513589
3.512793
3.511998
3.511204
3.510409
3.509615
3.508822
3.508029
3.507236
3.506444
3.505652
3.504860
3.504069
3.503278
3.502488
3.501698
3.500908
3.500119
3.499330
3.498541
3.497753
3.496965
3.496178
3.495391
3.494604
3.493818
3.493032
3.492246
3.491461
3.490676
3.489892
3.489107
3.488324
3.487540
3.486758
3.485975
3.485193
3.484411
3.483629
3.482848
3.482068
3.481287
3.480507
3.479728
3.478948
3.478169
3.477391
3.476613
3.475835
3.475057
3.474280
3.473504
3.472727
3.471951
3.471176
3.470401
3.469626
3.468851
3.468077
3.467304
3.466530
3.465757
3.464984
3.464212
3.463440
3.462668
3.461897
3.461127
3.460356
3.459586
3.458816
3.458047
3.457278
3.456509
3.455741
3.454973
3.454205
3.453438
3.452671
3.451905
3.451138
3.450373
3.449607
3.448842
3.448077
3.447313
3.446549
3.445785
3.445022
3.444259
3.443497
3.442734
3.441972
3.441211
3.440450
3.439689
3.438929
3.438169
3.437409
3.436650
3.435890
3.435132
3.434374
3.433616
3.432858
3.432101
3.431344
3.430587
3.429831
3.429075
3.428320
3.427565
3.426810
3.426055
3.425301
3.424548
3.423794
3.423041
3.422289
3.421536
3.420784
3.420033
3.419281
3.418530
3.417780
3.417029
3.416280
3.415530
3.414781
3.414032
3.413284
3.412535
3.411788
3.411040
3.410293
3.409546
3.408800
3.408054
3.407308
3.406563
3.405818
3.405073
3.404328
3.403584
3.402841
3.402097
3.401355
3.400612
3.399870
3.399127
3.398386
3.397645
3.396904
3.396163
3.395423
3.394683
3.393943
3.393204
3.392465
3.391727
3.390988
3.390250
3.389513
3.388776
3.388039
3.387302
3.386566
3.385830
3.385095
3.384359
3.383625
3.382890
3.382156
3.381422
3.380689
3.379956
3.379223
3.378490
3.377758
3.377026
3.376295
3.375564
3.374833
3.374102
3.373372
3.372642
3.371913
3.371184
3.370455
3.369726
3.368998
3.368270
3.367543
3.366816
3.366089
3.365362
3.364636
3.363910
3.363185
3.362460
3.361735
3.361010
3.360286
3.359562
3.358839
3.358116
3.357393
3.356670
3.355948
3.355226
3.354504
3.353783
3.353062
3.352342
3.351621
3.350901
3.350182
3.349463
3.348743
3.348025
3.347306
3.346589
3.345871
3.345154
3.344437
3.343720
3.343004
3.342287
3.341572
3.340856
3.340141
3.339427
3.338712
3.337998
3.337284
3.336571
3.335858
3.335145
3.334432
3.333720
3.333008
3.332297
3.331586
3.330875
3.330164
3.329454
3.328744
3.328034
3.327325
3.326616
3.325907
3.325199
3.324491
3.323783
3.323076
3.322369
3.321662
3.320955
3.320249
3.319544
3.318838
3.318133
3.317428
3.316723
3.316019
3.315315
3.314611
3.313908
3.313205
3.312503
3.311800
3.311098
3.310396
3.309695
3.308994
3.308293
3.307593
3.306893
3.306193
3.305493
3.304794
3.304095
3.303396
3.302698
3.302000
3.301302
3.300605
3.299908
3.299211
3.298515
3.297819
3.297123
3.296427
3.295732
3.295037
3.294343
3.293648
3.292954
3.292261
3.291568
3.290874
3.290182
3.289489
3.288797
3.288105
3.287414
3.286722
3.286032
3.285341
3.284651
3.283961
3.283271
3.282582
3.281893
3.281204
3.280515
3.279827
3.279139
3.278452
3.277765
3.277078
3.276391
3.275705
3.275019
3.274333
3.273647
3.272962
3.272278
3.271593
3.270909
3.270225
3.269541
3.268858
3.268175
3.267492
3.266809
3.266128
3.265446
3.264764
3.264083
3.263402
3.262722
3.262041
3.261361
3.260681
3.260002
3.259323
3.258644
3.257965
3.257287
3.256609
3.255931
3.255254
3.254577
3.253900
3.253224
3.252548
3.251872
3.251196
3.250521
3.249846
3.249171
3.248497
3.247823
3.247149
3.246475
3.245802
3.245129
3.244456
3.243784
3.243112
3.242440
3.241769
3.241097
3.240427
3.239756
3.239086
3.238416
3.237746
3.237077
3.236407
3.235739
3.235070
3.234402
3.233734
3.233066
3.232399
3.231731
3.231065
3.230398
3.229732
3.229066
3.228400
3.227735
3.227070
3.226405
3.225740
3.225076
3.224412
3.223749
3.223085
3.222422
3.221760
3.221097
3.220435
3.219773
3.219111
3.218450
3.217788
3.217128
3.216467
3.215807
3.215147
3.214488
3.213828
3.213169
3.212510
3.211852
3.211193
3.210536
3.209878
3.209220
3.208563
3.207906
3.207250
3.206594
3.205938
3.205282
3.204626
3.203971
3.203317
3.202662
3.202008
3.201354
3.200700
3.200046
3.199393
3.198740
3.198088
3.197435
3.196783
3.196131
3.195480
3.194829
3.194178
3.193527
3.192877
3.192227
3.191577
3.190927
3.190278
3.189629
3.188980
3.188332
3.187684
3.187036
3.186388
3.185741
3.185094
3.184447
3.183801
3.183154
3.182508
3.181863
3.181217
3.180572
3.179927
3.179283
3.178638
3.177994
3.177351
3.176707
3.176064
3.175421
3.174778
3.174136
3.173494
3.172852
3.172210
3.171569
3.170928
3.170287
3.169647
3.169006
3.168366
3.167727
3.167087
3.166448
3.165809
3.165171
3.164532
3.163894
3.163257
3.162619
3.161982
3.161345
3.160708
3.160072
3.159436
3.158800
3.158164
3.157528
3.156893
3.156259
3.155624
3.154990
3.154356
3.153722
3.153088
3.152455
3.151822
3.151190
3.150557
3.149925
3.149293
3.148661
3.148030
3.147399
3.146768
3.146137
3.145507
3.144877
3.144247
3.143618
3.142988
3.142360
3.141731
3.141102
3.140474
3.139846
3.139219
3.138591
3.137964
3.137337
3.136711
3.136084
3.135458
3.134832
3.134207
3.133581
3.132956
3.132331
3.131707
3.131083
3.130459
3.129835
3.129211
3.128588
3.127965
3.127343
3.126720
3.126098
3.125476
3.124854
3.124233
3.123612
3.122991
3.122370
3.121750
3.121130
3.120510
3.119890
3.119271
3.118652
3.118033
3.117414
3.116796
3.116178
3.115560
3.114943
3.114326
3.113708
3.113092
3.112475
3.111859
3.111243
3.110627
3.110012
3.109396
3.108782
3.108167
3.107552
3.106938
3.106324
3.105710
3.105097
3.104484
3.103871
3.103258
3.102645
3.102033
3.101421
3.100810
3.100198
3.099587
3.098976
3.098365
3.097755
3.097145
3.096535
3.095925
3.095316
3.094707
3.094098
3.093489
3.092880
3.092273
3.091665
3.091057
3.090449
3.089842
3.089235
3.088629
3.088022
3.087416
3.086810
3.086205
3.085599
3.084994
3.084389
3.083784
3.083180
3.082576
3.081972
3.081368
3.080765
3.080161
3.079558
3.078955
3.078353
3.077751
3.077149
3.076547
3.075946
3.075345
3.074744
3.074143
3.073542
3.072942
3.072342
3.071742
3.071143
3.070544
3.069945
3.069346
3.068747
3.068149
3.067551
3.066953
3.066355
3.065758
3.065161
3.064564
3.063968
3.063371
3.062775
3.062179
3.061584
3.060988
3.060393
3.059799
3.059204
3.058609
3.058015
3.057421
3.056828
3.056234
3.055641
3.055048
3.054456
3.053863
3.053271
3.052679
3.052087
3.051496
3.050904
3.050313
3.049722
3.049132
3.048542
3.047951
3.047362
3.046772
3.046183
3.045594
3.045005
3.044416
3.043828
3.043239
3.042651
3.042064
3.041476
3.040889
3.040302
3.039715
3.039129
3.038543
3.037956
3.037371
3.036785
3.036200
3.035615
3.035030
3.034445
3.033861
3.033277
3.032693
3.032109
3.031526
3.030942
3.030359
3.029777
3.029194
3.028612
3.028030
3.027448
3.026866
3.026285
3.025704
3.025123
3.024542
3.023962
3.023382
3.022802
3.022222
3.021643
3.021064
3.020484
3.019906
3.019327
3.018749
3.018171
3.017593
3.017015
3.016438
3.015861
3.015284
3.014707
3.014130
3.013554
3.012978
3.012403
3.011827
3.011251
3.010676
3.010102
3.009527
3.008952
3.008378
3.007804
3.007231
3.006657
3.006084
3.005511
3.004938
3.004365
3.003793
3.003221
3.002649
3.002078
3.001506
3.000935
3.000364
2.999793
2.999222
2.998652
2.998082
2.997512
2.996943
2.996373
2.995804
2.995235
2.994666
2.994098
2.993530
2.992961
2.992393
2.991826
2.991259
2.990691
2.990124
2.989558
2.988991
2.988425
2.987859
2.987293
2.986728
2.986162
2.985597
2.985032
2.984468
2.983903
2.983339
2.982775
2.982211
2.981647
2.981084
2.980521
2.979958
2.979395
2.978833
2.978271
2.977709
2.977147
2.976585
2.976024
2.975463
2.974902
2.974341
2.973780
2.973220
2.972660
2.972100
2.971541
2.970981
2.970422
2.969863
2.969305
2.968746
2.968188
2.967630
2.967072
2.966514
2.965957
2.965400
2.964843
2.964286
2.963729
2.963173
2.962617
2.962061
2.961505
2.960950
2.960395
2.959840
2.959285
2.958730
2.958176
2.957622
2.957068
2.956514
2.955961
2.955407
2.954854
2.954302
2.953749
2.953197
2.952644
2.952092
2.951540
2.950989
2.950438
2.949887
2.949336
2.948785
2.948234
2.947684
2.947134
2.946584
2.946035
2.945485
2.944936
2.944387
2.943838
2.943290
2.942741
2.942193
2.941645
2.941097
2.940550
2.940003
2.939456
2.938909
2.938362
2.937816
2.937270
2.936724
2.936178
2.935632
2.935087
2.934541
2.933997
2.933452
2.932907
2.932363
2.931819
2.931275
2.930732
2.930188
2.929645
2.929101
2.928559
2.928016
2.927474
2.926931
2.926389
2.925848
2.925306
2.924765
2.924223
2.923682
2.923142
2.922601
2.922061
2.921521
2.920981
2.920441
2.919901
2.919362
2.918823
2.918284
2.917746
2.917207
2.916669
2.916131
2.915593
2.915055
2.914518
2.913980
2.913444
2.912907
2.912370
2.911834
2.911297
2.910761
2.910226
2.909690
2.909155
2.908620
2.908085
2.907550
2.907015
2.906481
2.905947
2.905413
2.904879
2.904346
2.903812
2.903279
2.902746
2.902213
2.901681
2.901149
2.900616
2.900084
2.899553
2.899021
2.898490
2.897959
2.897428
2.896897
2.896367
2.895837
2.895306
2.894777
2.894247
2.893717
2.893188
2.892659
2.892130
2.891601
2.891073
2.890545
2.890017
2.889489
2.888961
2.888434
2.887906
2.887379
2.886852
2.886326
2.885799
2.885273
2.884747
2.884221
2.883695
2.883170
2.882645
2.882119
2.881595
2.881070
2.880546
2.880021
2.879497
2.878973
2.878450
2.877926
2.877403
2.876880
2.876357
2.875834
2.875312
2.874789
2.874267
2.873745
2.873224
2.872702
2.872181
2.871660
2.871139
2.870618
2.870098
2.869577
2.869057
2.868537
2.868017
2.867498
2.866979
2.866459
2.865940
2.865422
2.864903
2.864385
2.863867
2.863348
2.862831
2.862313
2.861796
2.861279
2.860762
2.860245
2.859728
2.859212
2.858696
2.858180
2.857664
2.857148
2.856633
2.856117
2.855602
2.855088
2.854573
2.854058
2.853544
2.853030
2.852516
2.852002
2.851489
2.850975
2.850462
2.849949
2.849437
2.848924
2.848412
2.847899
2.847387
2.846876
2.846364
2.845853
2.845341
2.844830
2.844319
2.843809
2.843298
2.842788
2.842278
2.841768
2.841258
2.840749
2.840240
2.839731
2.839221
2.838713
2.838204
2.837696
2.837188
2.836679
2.836172
2.835664
2.835157
2.834650
2.834142
2.833636
2.833129
2.832623
2.832116
2.831610
2.831104
2.830598
2.830093
2.829588
2.829082
2.828577
2.828073
2.827568
2.827064
2.826559
2.826055
2.825552
2.825048
2.824544
2.824041
2.823538
2.823035
2.822532
2.822030
2.821527
2.821025
2.820523
2.820021
2.819520
2.819018
2.818517
2.818016
2.817515
2.817014
2.816514
2.816013
2.815513
2.815013
2.814514
2.814014
2.813515
2.813015
2.812516
2.812017
2.811519
2.811020
2.810522
2.810024
2.809526
2.809028
2.808531
2.808033
2.807536
2.807039
2.806542
2.806046
2.805549
2.805053
2.804557
2.804061
2.803565
2.803070
2.802574
2.802079
2.801584
2.801089
2.800594
2.800100
2.799606
2.799112
2.798618
2.798124
2.797630
2.797137
2.796644
2.796151
2.795658
2.795165
2.794673
2.794180
2.793688
2.793196
2.792705
2.792213
2.791722
2.791230
2.790739
2.790248
2.789758
2.789267
2.788777
2.788287
2.787797
2.787307
2.786817
2.786328
2.785839
2.785350
2.784861
2.784372
2.783883
2.783395
2.782907
2.782419
2.781931
2.781443
2.780956
2.780469
2.779982
2.779495
2.779008
2.778521
2.778035
2.777549
2.777063
2.776577
2.776091
2.775605
2.775120
2.774635
2.774150
2.773665
2.773180
2.772696
2.772212
2.771728
2.771244
2.770760
2.770276
2.769793
2.769310
2.768826
2.768344
2.767861
2.767378
2.766896
2.766414
2.765932
2.765450
2.764968
2.764487
2.764005
2.763524
2.763043
2.762563
2.762082
2.761601
2.761121
2.760641
2.760161
2.759681
2.759202
2.758722
2.758243
2.757764
2.757285
2.756806
2.756328
2.755849
2.755371
2.754893
2.754415
2.753937
2.753460
2.752983
2.752506
2.752028
2.751552
2.751075
2.750598
2.750122
2.749646
2.749170
2.748694
2.748219
2.747743
2.747268
2.746793
2.746318
2.745843
2.745368
2.744894
2.744420
2.743946
2.743472
2.742998
2.742524
2.742051
2.741578
2.741105
2.740632
2.740159
2.739686
2.739214
2.738742
2.738270
2.737798
2.737326
2.736854
2.736383
2.735912
2.735441
2.734970
2.734499
2.734029
2.733558
2.733088
2.732618
2.732148
2.731678
2.731209
2.730739
2.730270
2.729801
2.729332
2.728863
2.728395
2.727926
2.727458
2.726990
2.726522
2.726055
2.725587
2.725120
2.724653
2.724185
2.723719
2.723252
2.722785
2.722319
2.721853
2.721387
2.720921
2.720455
2.719990
2.719524
2.719059
2.718594
2.718129
2.717664
2.717200
2.716735
2.716271
2.715807
2.715343
2.714879
2.714416
2.713952
2.713489
2.713026
2.712563
2.712100
2.711638
2.711175
2.710713
2.710251
2.709789
2.709327
2.708865
2.708404
2.707943
2.707482
2.707021
2.706560
2.706099
2.705639
2.705178
2.704718
2.704258
2.703799
2.703339
2.702879
2.702420
2.701961
2.701502
2.701043
2.700584
2.700126
2.699667
2.699209
2.698751
2.698293
2.697835
2.697378
2.696920
2.696463
2.696006
2.695549
2.695092
2.694636
2.694179
2.693723
2.693267
2.692811
2.692355
2.691900
2.691444
2.690989
2.690534
2.690078
2.689624
2.689169
2.688715
2.688260
2.687806
2.687352
2.686898
2.686444
2.685991
2.685537
2.685084
2.684631
2.684178
2.683725
2.683272
2.682820
2.682368
2.681916
2.681464
2.681012
2.680560
2.680109
2.679657
2.679206
2.678755
2.678304
2.677853
2.677403
2.676952
2.676502
2.676052
2.675602
2.675152
2.674703
2.674253
2.673804
2.673355
2.672906
2.672457
2.672008
2.671560
2.671111
2.670663
2.670215
2.669767
2.669319
2.668871
2.668424
2.667977
2.667530
2.667083
2.666636
2.666189
2.665743
2.665296
2.664850
2.664404
2.663958
2.663512
2.663067
2.662621
2.662176
2.661731
2.661286
2.660841
2.660396
2.659952
2.659508
2.659063
2.658619
2.658175
2.657732
2.657288
2.656845
2.656401
2.655958
2.655515
2.655072
2.654630
2.654187
2.653745
2.653302
2.652860
2.652419
2.651977
2.651535
2.651094
2.650652
2.650211
2.649770
2.649329
2.648889
2.648448
2.648008
2.647568
2.647127
2.646688
2.646248
2.645808
2.645369
2.644929
2.644490
2.644051
2.643612
2.643173
2.642735
2.642297
2.641858
2.641420
2.640982
2.640544
2.640107
2.639669
2.639232
2.638794
2.638357
2.637920
2.637484
2.637047
2.636611
2.636174
2.635738
2.635302
2.634866
2.634430
2.633995
2.633559
2.633124
2.632689
2.632254
2.631819
2.631384
2.630950
2.630516
2.630081
2.629647
2.629213
2.628779
2.628346
2.627912
2.627479
2.627046
2.626613
2.626180
2.625747
2.625314
2.624882
2.624450
2.624017
2.623585
2.623153
2.622722
2.622290
2.621859
2.621427
2.620996
2.620565
2.620135
2.619704
2.619273
2.618843
2.618412
2.617982
2.617552
2.617123
2.616693
2.616263
2.615834
2.615405
2.614976
2.614547
2.614118
2.613689
2.613261
2.612832
2.612404
2.611976
2.611548
2.611120
2.610693
2.610265
2.609838
2.609411
2.608984
2.608557
2.608130
2.607703
2.607277
2.606850
2.606424
2.605998
2.605572
2.605146
2.604721
2.604295
2.603870
2.603445
2.603020
2.602595
2.602170
2.601745
2.601321
2.600897
2.600472
2.600048
2.599624
2.599200
2.598777
2.598354
2.597930
2.597507
2.597084
2.596661
2.596238
2.595816
2.595393
2.594971
2.594548
2.594126
2.593705
2.593283
2.592861
2.592440
2.592018
2.591597
2.591176
2.590755
2.590334
2.589914
2.589493
2.589073
2.588653
2.588233
2.587813
2.587393
2.586973
2.586554
2.586134
2.585715
2.585296
2.584877
2.584458
2.584040
2.583621
2.583203
2.582784
2.582366
2.581949
2.581531
2.581113
2.580695
2.580278
2.579861
2.579443
2.579027
2.578610
2.578193
2.577776
2.577360
2.576944
2.576528
2.576112
2.575696
2.575280
2.574864
2.574449
2.574033
2.573618
2.573203
2.572788
2.572374
2.571959
2.571544
2.571130
2.570716
2.570302
2.569888
2.569474
2.569060
2.568647
2.568233
2.567820
2.567407
2.566994
2.566581
2.566169
2.565756
2.565343
2.564931
2.564519
2.564107
2.563695
2.563283
2.562872
2.562460
2.562049
2.561638
2.561227
2.560816
2.560405
2.559994
2.559584
2.559173
2.558763
2.558353
2.557943
2.557533
2.557124
2.556714
2.556304
2.555895
2.555486
2.555077
2.554668
2.554259
2.553851
2.553442
2.553034
2.552626
2.552217
2.551810
2.551402
2.550994
2.550586
2.550179
2.549772
2.549365
2.548958
2.548551
2.548144
2.547737
2.547331
2.546925
2.546518
2.546112
2.545707
2.545301
2.544895
2.544489
2.544084
2.543679
2.543274
2.542869
2.542464
2.542059
2.541654
2.541250
2.540846
2.540441
2.540037
2.539633
2.539230
2.538826
2.538422
2.538019
2.537616
2.537212
2.536809
2.536407
2.536004
2.535601
2.535199
2.534796
2.534394
2.533992
2.533590
2.533188
2.532787
2.532385
2.531984
2.531582
2.531181
2.530780
2.530379
2.529979
2.529578
2.529177
2.528777
2.528377
2.527977
2.527576
2.527177
2.526777
2.526377
2.525978
2.525578
2.525179
2.524780
2.524381
2.523983
2.523584
2.523185
2.522787
2.522388
2.521990
2.521592
2.521194
2.520797
2.520399
2.520001
2.519604
2.519207
2.518810
2.518413
2.518016
2.517619
2.517222
2.516826
2.516429
2.516033
2.515637
2.515241
2.514845
2.514450
2.514054
2.513659
2.513263
2.512868
2.512473
2.512078
2.511683
2.511289
2.510894
2.510499
2.510105
2.509711
2.509317
2.508923
2.508529
2.508136
2.507742
2.507349
2.506955
2.506562
2.506169
2.505776
2.505383
2.504991
2.504598
2.504206
2.503814
2.503422
2.503029
2.502638
2.502246
2.501854
2.501463
2.501071
2.500680
2.500289
2.499898
2.499507
2.499116
2.498726
2.498335
2.497945
2.497555
2.497164
2.496774
2.496384
2.495995
2.495605
2.495216
2.494826
2.494437
2.494048
2.493659
2.493270
2.492881
2.492493
2.492104
2.491716
2.491328
2.490939
2.490551
2.490164
2.489776
2.489388
2.489001
2.488613
2.488226
2.487839
2.487452
2.487065
2.486678
2.486292
2.485905
2.485519
2.485132
2.484746
2.484360
2.483975
2.483589
2.483203
2.482818
2.482432
2.482047
2.481662
2.481277
2.480892
2.480507
2.480123
2.479738
2.479353
2.478969
2.478585
2.478201
2.477817
2.477433
2.477050
2.476666
2.476283
2.475899
2.475516
2.475133
2.474750
2.474367
2.473985
2.473602
2.473220
2.472837
2.472455
2.472073
2.471691
2.471309
2.470927
2.470546
2.470165
2.469783
2.469402
2.469021
2.468640
2.468259
2.467878
2.467498
2.467117
2.466737
2.466356
2.465976
2.465596
2.465216
2.464837
2.464457
2.464077
2.463698
2.463319
2.462940
2.462560
2.462181
2.461802
2.461424
2.461045
2.460667
2.460289
2.459910
2.459532
2.459154
2.458776
2.458399
2.458021
2.457644
2.457266
2.456889
2.456512
2.456135
2.455758
2.455381
2.455004
2.454628
2.454251
2.453875
2.453499
2.453123
2.452747
2.452371
2.451995
2.451620
2.451244
2.450869
2.450494
2.450119
2.449744
2.449369
2.448994
2.448619
2.448245
2.447870
2.447496
2.447122
2.446748
2.446374
2.446000
2.445626
2.445253
2.444879
2.444506
2.444133
2.443759
2.443387
2.443014
2.442641
2.442268
2.441896
2.441523
2.441151
2.440779
2.440407
2.440035
2.439663
2.439291
2.438920
2.438548
2.438177
2.437805
2.437434
2.437063
2.436692
2.436322
2.435951
2.435580
2.435210
2.434840
2.434469
2.434099
2.433729
2.433360
2.432990
2.432620
2.432251
2.431881
2.431512
2.431143
2.430774
2.430405
2.430036
2.429667
2.429299
2.428930
2.428562
2.428194
2.427826
2.427458
2.427090
2.426722
2.426354
2.425987
2.425619
2.425252
2.424885
2.424518
2.424151
2.423784
2.423417
2.423051
2.422684
2.422318
2.421951
2.421585
2.421219
2.420853
2.420487
2.420121
2.419756
2.419390
2.419025
2.418660
2.418295
2.417930
2.417565
2.417200
2.416835
2.416471
2.416106
2.415742
2.415377
2.415013
2.414649
2.414285
2.413921
2.413558
2.413194
2.412831
2.412467
2.412104
2.411741
2.411378
2.411015
2.410652
2.410290
2.409927
2.409565
2.409203
2.408840
2.408478
2.408116
2.407754
2.407393
2.407031
2.406669
2.406308
2.405946
2.405585
2.405224
2.404863
2.404502
2.404142
2.403781
2.403420
2.403060
2.402699
2.402339
2.401979
2.401619
2.401259
2.400900
2.400540
2.400180
2.399821
2.399462
2.399102
2.398743
2.398384
2.398026
2.397667
2.397308
2.396950
2.396591
2.396233
2.395875
2.395516
2.395159
2.394800
2.394443
2.394085
2.393728
2.393370
2.393013
2.392656
2.392298
2.391941
2.391584
2.391228
2.390871
2.390514
2.390158
2.389802
2.389445
2.389089
2.388733
2.388377
2.388021
2.387666
2.387310
2.386955
2.386599
2.386244
2.385889
2.385534
2.385179
2.384824
2.384469
2.384115
2.383760
2.383406
2.383052
2.382697
2.382343
2.381989
2.381635
2.381282
2.380928
2.380575
2.380221
2.379868
2.379515
2.379162
2.378808
2.378456
2.378103
2.377750
2.377398
2.377045
2.376693
2.376341
2.375989
2.375637
2.375285
2.374933
2.374581
2.374230
2.373878
2.373527
2.373175
2.372824
2.372473
2.372122
2.371771
2.371421
2.371070
2.370719
2.370369
2.370019
2.369668
2.369318
2.368968
2.368618
2.368269
2.367919
2.367570
2.367220
2.366871
2.366521
2.366173
2.365823
2.365474
2.365126
2.364777
2.364428
2.364080
2.363731
2.363383
2.363035
2.362687
2.362339
2.361991
2.361643
2.361295
2.360948
2.360600
2.360253
2.359906
2.359559
2.359212
2.358865
2.358518
2.358171
2.357825
2.357478
2.357132
2.356786
2.356439
2.356093
2.355747
2.355401
2.355056
2.354710
2.354364
2.354019
2.353673
2.353328
2.352983
2.352638
2.352293
2.351948
2.351604
2.351259
2.350914
2.350570
2.350226
2.349881
2.349537
2.349193
2.348849
2.348505
2.348162
2.347818
2.347475
2.347131
2.346788
2.346445
2.346102
2.345759
2.345416
2.345073
2.344731
2.344388
2.344045
2.343703
2.343361
2.343019
2.342677
2.342335
2.341993
2.341651
2.341310
2.340968
2.340626
2.340285
2.339944
2.339603
2.339262
2.338921
2.338580
2.338239
2.337899
2.337558
2.337218
2.336877
2.336537
2.336197
2.335857
2.335517
2.335177
2.334838
2.334498
2.334159
2.333819
2.333480
2.333141
2.332802
2.332463
2.332124
2.331785
2.331446
2.331108
2.330769
2.330431
2.330093
2.329754
2.329416
2.329078
2.328741
2.328403
2.328065
2.327727
2.327390
2.327052
2.326715
2.326378
2.326041
2.325704
2.325367
2.325030
2.324694
2.324357
2.324021
2.323684
2.323348
2.323012
2.322676
2.322340
2.322004
2.321668
2.321332
2.320997
2.320661
2.320326
2.319991
2.319655
2.319320
2.318985
2.318650
2.318316
2.317981
2.317647
2.317312
2.316978
2.316643
2.316309
2.315975
2.315641
2.315307
2.314974
2.314640
2.314306
2.313973
2.313639
2.313306
2.312973
2.312640
2.312307
2.311974
2.311641
2.311308
2.310976
2.310643
2.310311
2.309978
2.309646
2.309314
2.308982
2.308650
2.308318
2.307987
2.307655
2.307323
2.306992
2.306661
2.306329
2.305999
2.305667
2.305336
2.305006
2.304675
2.304344
2.304014
2.303683
2.303353
2.303022
2.302692
2.302362
2.302032
2.301702
2.301373
2.301043
2.300714
2.300384
2.300055
2.299725
2.299396
2.299067
2.298738
2.298409
2.298080
2.297751
2.297423
2.297094
2.296766
2.296438
2.296109
2.295781
2.295453
2.295125
2.294797
2.294470
2.294142
2.293815
2.293487
2.293160
2.292833
2.292505
2.292178
2.291851
2.291524
2.291198
2.290871
2.290544
2.290218
2.289891
2.289565
2.289239
2.288913
2.288587
2.288261
2.287935
2.287609
2.287284
2.286958
2.286633
2.286307
2.285982
2.285657
2.285332
2.285007
2.284682
2.284357
2.284033
2.283708
2.283383
2.283059
2.282735
2.282410
2.282086
2.281762
2.281438
2.281115
2.280791
2.280467
2.280143
2.279820
2.279497
2.279173
2.278850
2.278527
2.278204
2.277881
2.277559
2.277236
2.276913
2.276591
2.276268
2.275946
2.275624
2.275301
2.274979
2.274657
2.274336
2.274014
2.273692
2.273371
2.273049
2.272728
2.272406
2.272085
2.271764
2.271443
2.271122
2.270801
2.270480
2.270160
2.269839
2.269519
2.269198
2.268878
2.268558
2.268238
2.267918
2.267598
2.267278
2.266958
2.266639
2.266319
2.266000
2.265680
2.265361
2.265042
2.264723
2.264404
2.264085
2.263766
2.263448
2.263129
2.262810
2.262492
2.262174
2.261855
2.261537
2.261219
2.260901
2.260583
2.260265
2.259948
2.259630
2.259313
2.258995
2.258678
2.258361
2.258043
2.257726
2.257409
2.257092
2.256776
2.256459
2.256142
2.255826
2.255509
2.255193
2.254877
2.254561
2.254245
2.253929
2.253613
2.253297
2.252981
2.252666
2.252350
2.252035
2.251719
2.251404
2.251089
2.250774
2.250459
2.250144
2.249829
2.249515
2.249200
2.248886
2.248571
2.248257
2.247942
2.247628
2.247314
2.247000
2.246686
2.246373
2.246059
2.245745
2.245432
2.245118
2.244805
2.244492
2.244179
2.243865
2.243552
2.243240
2.242927
2.242614
2.242301
2.241989
2.241676
2.241364
2.241052
2.240740
2.240427
2.240115
2.239804
2.239492
2.239180
2.238868
2.238557
2.238245
2.237934
2.237623
2.237311
2.237000
2.236689
2.236378
2.236068
2.235757
2.235446
2.235136
2.234825
2.234514
2.234204
2.233894
2.233584
2.233274
2.232964
2.232654
2.232344
2.232034
2.231725
2.231415
2.231106
2.230796
2.230487
2.230178
2.229869
2.229560
2.229251
2.228942
2.228633
2.228325
2.228016
2.227708
2.227399
2.227091
2.226783
2.226475
2.226167
2.225859
2.225551
2.225243
2.224935
2.224628
2.224320
2.224013
2.223706
2.223398
2.223091
2.222784
2.222477
2.222170
2.221863
2.221557
2.221250
2.220943
2.220637
2.220330
2.220024
2.219718
2.219412
2.219106
2.218800
2.218494
2.218188
2.217883
2.217577
2.217271
2.216966
2.216661
2.216355
2.216050
2.215745
2.215440
2.215135
2.214830
2.214526
2.214221
2.213916
2.213612
2.213308
2.213003
2.212699
2.212395
2.212091
2.211787
2.211483
2.211179
2.210876
2.210572
2.210268
2.209965
2.209661
2.209358
2.209055
2.208752
2.208449
2.208146
2.207843
2.207540
2.207237
2.206935
2.206632
2.206330
2.206028
2.205725
2.205423
2.205121
2.204819
2.204517
2.204215
2.203913
2.203612
2.203310
2.203009
2.202707
2.202406
2.202105
2.201804
2.201503
2.201201
2.200901
2.200600
2.200299
2.199998
2.199698
2.199397
2.199097
2.198797
2.198496
2.198196
2.197896
2.197596
2.197296
2.196996
2.196697
2.196397
